image: custom.bmp
resolution: 0.05000
origin: [-10.000000, -10.000000, 0.000000]
negate: 0
occupied_thresh: 0.60
free_thresh: 0.20

