image: MG_map.bmp
resolution: 0.050000
origin: [-3.00000, -21.00000, 0.000000]
negate: 0
occupied_thresh: 0.65
free_thresh: 0.196

